10
10
5
11
18
19
5
5
3
0
12
6
4
11
3
5
10
15
9
10
9
7
7
0
3
3
6
19
16
10
10
10
11
10
10
12
19
14
17
2
9
18
10
10
10
6
19
16
3
4
0
3
19
5
2
15
8
7
3
17
10
10
3
12
10
10
3
4
13
1
3
6
11
11
3
0
10
10
4
14
0
4
4
2
11
12
12
14
8
8
9
15
8
15
17
4
13
1
4
6
13
5
12
7
0
8
19
6
11
15
18
3
9
9
3
9
17
13
3
14
14
15
1
1
3
3
13
6
9
5
16
16
17
1
9
15
15
11
18
14
0
19
16
16
1
3
6
8
1
7
1
5
3
19
3
14
13
3
0
3
1
15
1
17
18
10
13
2
4
11
3
14
3
16
17
16
10
10
10
12
3
8
17
16
6
0
11
5
16
5
6
18
14
0
17
1
4
3
8
3
17
18
3
7
7
3
0
7
17
15
18
18
13
8
8
17
1
1
13
9
13
7
1
3
11
4
11
18
7
3
6
5
16
16
7
13
3
3
1
1
17
9
12
12
6
12
1
7
7
10
19
11
4
16
8
12
12
11
3
4
14
12
5
3
8
17
15
3
8
16
11
12
8
13
2
8
4
14
18
4
9
9
9
14
8
3
14
15
1
19
2
0
19
0
6
6
12
5
15
15
18
14
3
0
18
11
10
10
6
2
7
10
0
15
7
15
2
9
18
13
7
18
18
14
14
9
16
17
13
